function FeVdx = FeVdx_3333c(E,v,L,H,W,x,in7)
%FEVDX_3333C
%    FEVDX = FEVDX_3333C(E,V,L,H,W,X,IN7)

%    This function was generated by the Symbolic Math Toolbox version 7.0.
%    19-Jan-2017 14:21:27

q1 = in7(1,:);
q2 = in7(2,:);
q3 = in7(3,:);
q4 = in7(4,:);
q5 = in7(5,:);
q6 = in7(6,:);
q7 = in7(7,:);
q8 = in7(8,:);
q9 = in7(9,:);
q10 = in7(10,:);
q11 = in7(11,:);
q12 = in7(12,:);
q13 = in7(13,:);
q14 = in7(14,:);
q15 = in7(15,:);
q16 = in7(16,:);
q17 = in7(17,:);
q18 = in7(18,:);
q19 = in7(19,:);
q20 = in7(20,:);
q21 = in7(21,:);
q22 = in7(22,:);
q23 = in7(23,:);
q24 = in7(24,:);
q25 = in7(25,:);
q26 = in7(26,:);
q27 = in7(27,:);
t2 = 1.0./L.^4;
t19 = L.*q1;
t20 = L.*q19;
t21 = q1.*x.*4.0;
t22 = q10.*x.*8.0;
t23 = q19.*x.*4.0;
t3 = -t19+t20+t21-t22+t23;
t79 = L.*q2;
t80 = L.*q20;
t81 = q2.*x.*4.0;
t82 = q11.*x.*8.0;
t83 = q20.*x.*4.0;
t4 = -t79+t80+t81-t82+t83;
t86 = L.*q3;
t87 = L.*q21;
t88 = q3.*x.*4.0;
t89 = q12.*x.*8.0;
t90 = q21.*x.*4.0;
t5 = -t86+t87+t88-t89+t90;
t6 = v.*2.0;
t7 = t6-1.0;
t8 = 1.0./t7;
t9 = v+1.0;
t10 = 1.0./t9;
t11 = x.^2;
t13 = L.^2;
t25 = q13.*t13;
t26 = q4.*t11.*2.0;
t27 = q13.*t11.*4.0;
t28 = q22.*t11.*2.0;
t29 = L.*q4.*x;
t30 = L.*q22.*x;
t12 = t25+t26-t27+t28-t29+t30;
t33 = q14.*t13;
t34 = q5.*t11.*2.0;
t35 = q14.*t11.*4.0;
t36 = q23.*t11.*2.0;
t37 = L.*q5.*x;
t38 = L.*q23.*x;
t14 = t33+t34-t35+t36-t37+t38;
t41 = q15.*t13;
t42 = q6.*t11.*2.0;
t43 = q15.*t11.*4.0;
t44 = q24.*t11.*2.0;
t45 = L.*q6.*x;
t46 = L.*q24.*x;
t15 = t41+t42-t43+t44-t45+t46;
t51 = q16.*t13;
t52 = q7.*t11.*2.0;
t53 = q16.*t11.*4.0;
t54 = q25.*t11.*2.0;
t55 = L.*q7.*x;
t56 = L.*q25.*x;
t16 = t51+t52-t53+t54-t55+t56;
t59 = q17.*t13;
t60 = q8.*t11.*2.0;
t61 = q17.*t11.*4.0;
t62 = q26.*t11.*2.0;
t63 = L.*q8.*x;
t64 = L.*q26.*x;
t17 = t59+t60-t61+t62-t63+t64;
t67 = q18.*t13;
t68 = q9.*t11.*2.0;
t69 = q18.*t11.*4.0;
t70 = q27.*t11.*2.0;
t71 = L.*q9.*x;
t72 = L.*q27.*x;
t18 = t67+t68-t69+t70-t71+t72;
t50 = x.*4.0;
t24 = L-t50;
t31 = t12.^2;
t32 = t2.*t31.*(1.0./2.0);
t39 = t14.^2;
t40 = t2.*t39.*(1.0./2.0);
t47 = t15.^2;
t48 = t2.*t47.*(1.0./2.0);
t49 = t32+t40+t48-1.0./2.0;
t57 = t16.^2;
t58 = t2.*t57.*(1.0./2.0);
t65 = t17.^2;
t66 = t2.*t65.*(1.0./2.0);
t73 = t18.^2;
t74 = t2.*t73.*(1.0./2.0);
t75 = t58+t66+t74-1.0./2.0;
t76 = v.^2;
t77 = t3.^2;
t78 = t2.*t77.*(1.0./2.0);
t84 = t4.^2;
t85 = t2.*t84.*(1.0./2.0);
t91 = t5.^2;
t92 = t2.*t91.*(1.0./2.0);
t93 = t78+t85+t92-1.0./2.0;
t94 = E.*t8.*t10.*t76.*t93.*2.0;
t95 = E.*t8.*t10.*t49.*v;
t96 = E.*t8.*t10.*t75.*v;
t97 = t94+t95+t96;
t98 = t11.*2.0;
t100 = L.*x;
t99 = t98-t100;
t101 = E.*t8.*t10.*t49.*t76.*2.0;
t102 = E.*t8.*t10.*t93.*v;
t103 = t96+t101+t102;
t104 = E.*t8.*t10.*t75.*t76.*2.0;
t105 = t95+t102+t104;
t106 = t11.*4.0;
t107 = t13-t106;
t108 = L+t50;
t109 = t98+t100;
FeVdx = [H.*W.*(t2.*t3.*t24.*t97+E.*t2.*t3.*t8.*t10.*t24.*t76.*t93.*2.0+E.*t2.*t3.*t8.*t10.*t24.*t49.*v+E.*t2.*t3.*t8.*t10.*t24.*t75.*v).*(1.0./2.0);H.*W.*(t2.*t4.*t24.*t97+E.*t2.*t4.*t8.*t10.*t24.*t76.*t93.*2.0+E.*t2.*t4.*t8.*t10.*t24.*t49.*v+E.*t2.*t4.*t8.*t10.*t24.*t75.*v).*(1.0./2.0);H.*W.*(t2.*t5.*t24.*t97+E.*t2.*t5.*t8.*t10.*t24.*t76.*t93.*2.0+E.*t2.*t5.*t8.*t10.*t24.*t49.*v+E.*t2.*t5.*t8.*t10.*t24.*t75.*v).*(1.0./2.0);H.*W.*(t2.*t12.*t99.*t103+E.*t2.*t8.*t10.*t12.*t49.*t76.*t99.*2.0+E.*t2.*t8.*t10.*t12.*t75.*t99.*v+E.*t2.*t8.*t10.*t12.*t93.*t99.*v).*(-1.0./2.0);H.*W.*(t2.*t14.*t99.*t103+E.*t2.*t8.*t10.*t14.*t49.*t76.*t99.*2.0+E.*t2.*t8.*t10.*t14.*t75.*t99.*v+E.*t2.*t8.*t10.*t14.*t93.*t99.*v).*(-1.0./2.0);H.*W.*(t2.*t15.*t99.*t103+E.*t2.*t8.*t10.*t15.*t49.*t76.*t99.*2.0+E.*t2.*t8.*t10.*t15.*t75.*t99.*v+E.*t2.*t8.*t10.*t15.*t93.*t99.*v).*(-1.0./2.0);H.*W.*(t2.*t16.*t99.*t105+E.*t2.*t8.*t10.*t16.*t75.*t76.*t99.*2.0+E.*t2.*t8.*t10.*t16.*t49.*t99.*v+E.*t2.*t8.*t10.*t16.*t93.*t99.*v).*(-1.0./2.0);H.*W.*(t2.*t17.*t99.*t105+E.*t2.*t8.*t10.*t17.*t75.*t76.*t99.*2.0+E.*t2.*t8.*t10.*t17.*t49.*t99.*v+E.*t2.*t8.*t10.*t17.*t93.*t99.*v).*(-1.0./2.0);H.*W.*(t2.*t18.*t99.*t105+E.*t2.*t8.*t10.*t18.*t75.*t76.*t99.*2.0+E.*t2.*t8.*t10.*t18.*t49.*t99.*v+E.*t2.*t8.*t10.*t18.*t93.*t99.*v).*(-1.0./2.0);H.*W.*(t2.*t3.*t97.*x.*8.0+E.*t2.*t3.*t8.*t10.*t76.*t93.*x.*1.6e1+E.*t2.*t3.*t8.*t10.*t49.*v.*x.*8.0+E.*t2.*t3.*t8.*t10.*t75.*v.*x.*8.0).*(1.0./2.0);H.*W.*(t2.*t4.*t97.*x.*8.0+E.*t2.*t4.*t8.*t10.*t76.*t93.*x.*1.6e1+E.*t2.*t4.*t8.*t10.*t49.*v.*x.*8.0+E.*t2.*t4.*t8.*t10.*t75.*v.*x.*8.0).*(1.0./2.0);H.*W.*(t2.*t5.*t97.*x.*8.0+E.*t2.*t5.*t8.*t10.*t76.*t93.*x.*1.6e1+E.*t2.*t5.*t8.*t10.*t49.*v.*x.*8.0+E.*t2.*t5.*t8.*t10.*t75.*v.*x.*8.0).*(1.0./2.0);H.*W.*(t2.*t12.*t103.*t107+E.*t2.*t8.*t10.*t12.*t49.*t76.*t107.*2.0+E.*t2.*t8.*t10.*t12.*t75.*t107.*v+E.*t2.*t8.*t10.*t12.*t93.*t107.*v).*(-1.0./2.0);H.*W.*(t2.*t14.*t103.*t107+E.*t2.*t8.*t10.*t14.*t49.*t76.*t107.*2.0+E.*t2.*t8.*t10.*t14.*t75.*t107.*v+E.*t2.*t8.*t10.*t14.*t93.*t107.*v).*(-1.0./2.0);H.*W.*(t2.*t15.*t103.*t107+E.*t2.*t8.*t10.*t15.*t49.*t76.*t107.*2.0+E.*t2.*t8.*t10.*t15.*t75.*t107.*v+E.*t2.*t8.*t10.*t15.*t93.*t107.*v).*(-1.0./2.0);H.*W.*(t2.*t16.*t105.*t107+E.*t2.*t8.*t10.*t16.*t75.*t76.*t107.*2.0+E.*t2.*t8.*t10.*t16.*t49.*t107.*v+E.*t2.*t8.*t10.*t16.*t93.*t107.*v).*(-1.0./2.0);H.*W.*(t2.*t17.*t105.*t107+E.*t2.*t8.*t10.*t17.*t75.*t76.*t107.*2.0+E.*t2.*t8.*t10.*t17.*t49.*t107.*v+E.*t2.*t8.*t10.*t17.*t93.*t107.*v).*(-1.0./2.0);H.*W.*(t2.*t18.*t105.*t107+E.*t2.*t8.*t10.*t18.*t75.*t76.*t107.*2.0+E.*t2.*t8.*t10.*t18.*t49.*t107.*v+E.*t2.*t8.*t10.*t18.*t93.*t107.*v).*(-1.0./2.0);H.*W.*(t2.*t3.*t97.*t108+E.*t2.*t3.*t8.*t10.*t76.*t93.*t108.*2.0+E.*t2.*t3.*t8.*t10.*t49.*t108.*v+E.*t2.*t3.*t8.*t10.*t75.*t108.*v).*(-1.0./2.0);H.*W.*(t2.*t4.*t97.*t108+E.*t2.*t4.*t8.*t10.*t76.*t93.*t108.*2.0+E.*t2.*t4.*t8.*t10.*t49.*t108.*v+E.*t2.*t4.*t8.*t10.*t75.*t108.*v).*(-1.0./2.0);H.*W.*(t2.*t5.*t97.*t108+E.*t2.*t5.*t8.*t10.*t76.*t93.*t108.*2.0+E.*t2.*t5.*t8.*t10.*t49.*t108.*v+E.*t2.*t5.*t8.*t10.*t75.*t108.*v).*(-1.0./2.0);H.*W.*(t2.*t12.*t103.*t109+E.*t2.*t8.*t10.*t12.*t49.*t76.*t109.*2.0+E.*t2.*t8.*t10.*t12.*t75.*t109.*v+E.*t2.*t8.*t10.*t12.*t93.*t109.*v).*(-1.0./2.0);H.*W.*(t2.*t14.*t103.*t109+E.*t2.*t8.*t10.*t14.*t49.*t76.*t109.*2.0+E.*t2.*t8.*t10.*t14.*t75.*t109.*v+E.*t2.*t8.*t10.*t14.*t93.*t109.*v).*(-1.0./2.0);H.*W.*(t2.*t15.*t103.*t109+E.*t2.*t8.*t10.*t15.*t49.*t76.*t109.*2.0+E.*t2.*t8.*t10.*t15.*t75.*t109.*v+E.*t2.*t8.*t10.*t15.*t93.*t109.*v).*(-1.0./2.0);H.*W.*(t2.*t16.*t105.*t109+E.*t2.*t8.*t10.*t16.*t75.*t76.*t109.*2.0+E.*t2.*t8.*t10.*t16.*t49.*t109.*v+E.*t2.*t8.*t10.*t16.*t93.*t109.*v).*(-1.0./2.0);H.*W.*(t2.*t17.*t105.*t109+E.*t2.*t8.*t10.*t17.*t75.*t76.*t109.*2.0+E.*t2.*t8.*t10.*t17.*t49.*t109.*v+E.*t2.*t8.*t10.*t17.*t93.*t109.*v).*(-1.0./2.0);H.*W.*(t2.*t18.*t105.*t109+E.*t2.*t8.*t10.*t18.*t75.*t76.*t109.*2.0+E.*t2.*t8.*t10.*t18.*t49.*t109.*v+E.*t2.*t8.*t10.*t18.*t93.*t109.*v).*(-1.0./2.0)];
