function CC = CC_2322(in1,L,H,xi,eta)
%CC_2322
%    CC = CC_2322(IN1,L,H,XI,ETA)

%    This function was generated by the Symbolic Math Toolbox version 7.2.
%    06-Mar-2018 09:05:29

ee1 = in1(1,:);
ee2 = in1(2,:);
ee3 = in1(3,:);
ee4 = in1(4,:);
ee5 = in1(5,:);
ee6 = in1(6,:);
ee7 = in1(7,:);
ee8 = in1(8,:);
ee9 = in1(9,:);
ee10 = in1(10,:);
ee11 = in1(11,:);
ee12 = in1(12,:);
t2 = xi.*2.0;
t3 = t2+2.0;
t6 = H.*eta;
t7 = H.*eta.*t3.*(1.0./2.0);
t8 = t6-t7;
t9 = H.*eta.*(3.0./4.0);
t10 = H.*eta.*t3.*(1.0./4.0);
t11 = t9-t10;
t12 = H.*eta.*(1.0./4.0);
t13 = t10-t12;
t14 = xi-1.0./2.0;
t15 = xi+1.0./2.0;
t20 = ee5.*xi.*2.0;
t21 = ee7.*t8;
t22 = ee3.*t11;
t23 = ee11.*t13;
t24 = ee1.*t14;
t25 = ee9.*t15;
t4 = t20-t21+t22-t23-t24-t25;
t5 = 1.0./L.^2;
t32 = ee6.*xi.*2.0;
t33 = ee8.*t8;
t34 = ee4.*t11;
t35 = ee12.*t13;
t36 = ee2.*t14;
t37 = ee10.*t15;
t16 = -t32+t33-t34+t35+t36+t37;
t17 = xi+1.0;
t18 = t17.^2;
t19 = H.*t18.*(1.0./4.0);
t26 = 1.0./H;
t27 = 1.0./L;
t28 = H.*(1.0./2.0);
t38 = H.*t17.*(3.0./4.0);
t29 = t19+t28-t38;
t30 = H.*t17;
t40 = H.*t18.*(1.0./2.0);
t31 = t30-t40;
t39 = ee3.*t29;
t41 = ee7.*t31;
t46 = H.*t17.*(1.0./4.0);
t42 = ee11.*(t19-t46);
t43 = t39+t41+t42;
t44 = ee4.*t29;
t45 = ee8.*t31;
t47 = 1.0./H.^2;
t48 = ee12.*(t19-t46);
t49 = t44+t45+t48;
CC = reshape([t4.^2.*t5.*4.0+t5.*t16.^2.*4.0,t4.*t26.*t27.*t43.*-4.0+t26.*t27.*t49.*(-t32+t33-t34+t35+t36+t37).*4.0,t26.*t27.*(t44+t45+ee12.*(t19-H.*t17.*(1.0./4.0))).*(-t32+t33-t34+t35+t36+t37).*4.0-t4.*t26.*t27.*t43.*4.0,t43.^2.*t47.*4.0+t47.*t49.^2.*4.0],[2,2]);
