function dEde = dEde_2322(in1,L,H,xi,eta)
%DEDE_2322
%    DEDE = DEDE_2322(IN1,L,H,XI,ETA)

%    This function was generated by the Symbolic Math Toolbox version 7.2.
%    06-Mar-2018 09:05:31

ee1 = in1(1,:);
ee2 = in1(2,:);
ee3 = in1(3,:);
ee4 = in1(4,:);
ee5 = in1(5,:);
ee6 = in1(6,:);
ee7 = in1(7,:);
ee8 = in1(8,:);
ee9 = in1(9,:);
ee10 = in1(10,:);
ee11 = in1(11,:);
ee12 = in1(12,:);
t2 = xi.*2.0;
t3 = t2+2.0;
t4 = xi-1.0./2.0;
t5 = 1.0./L.^2;
t6 = H.*eta;
t14 = H.*eta.*t3.*(1.0./2.0);
t7 = t6-t14;
t8 = H.*eta.*(3.0./4.0);
t11 = H.*eta.*t3.*(1.0./4.0);
t9 = t8-t11;
t10 = H.*eta.*(1.0./4.0);
t12 = xi+1.0./2.0;
t13 = ee5.*xi.*2.0;
t15 = ee3.*t9;
t16 = t10-t11;
t17 = ee8.*t7;
t18 = ee2.*t4;
t19 = ee10.*t12;
t23 = ee6.*xi.*2.0;
t24 = ee4.*t9;
t25 = ee12.*t16;
t20 = t17+t18+t19-t23-t24-t25;
t21 = ee11.*t16;
t26 = ee7.*t7;
t27 = ee1.*t4;
t28 = ee9.*t12;
t22 = t13+t15+t21-t26-t27-t28;
t29 = xi+1.0;
t30 = t29.^2;
t31 = H.*t30.*(1.0./4.0);
t32 = 1.0./H;
t33 = 1.0./L;
t34 = H.*(1.0./2.0);
t38 = H.*t29.*(3.0./4.0);
t35 = t31+t34-t38;
t36 = H.*t29;
t40 = H.*t30.*(1.0./2.0);
t37 = t36-t40;
t39 = ee3.*t35;
t41 = ee7.*t37;
t46 = H.*t29.*(1.0./4.0);
t47 = t31-t46;
t42 = ee11.*t47;
t43 = t39+t41+t42;
t44 = ee4.*t35;
t45 = ee8.*t37;
t48 = ee12.*t47;
t49 = t44+t45+t48;
t50 = ee11.*(t31-t46);
t51 = t39+t41+t50;
t52 = ee12.*(t31-t46);
t53 = t44+t45+t52;
t54 = t32.*t33.*t35.*(t17+t18+t19-t23-t24-t25).*2.0;
t55 = t7.*t32.*t33.*t51.*2.0;
t56 = t55-t22.*t32.*t33.*t37.*2.0;
t57 = t32.*t33.*t37.*(t17+t18+t19-t23-t24-t25).*2.0;
t58 = t7.*t32.*t33.*t53.*2.0;
t59 = t57+t58;
t60 = t12.*t32.*t33.*t51.*2.0;
t61 = t12.*t32.*t33.*t53.*2.0;
t62 = t16.*t32.*t33.*t51.*-2.0-t22.*t32.*t33.*t47.*2.0;
t63 = t32.*t33.*(t31-t46).*(t17+t18+t19-t23-t24-t25).*2.0;
t64 = t63-t16.*t32.*t33.*t53.*2.0;
t65 = 1.0./H.^2;
t66 = -t31+t46;
dEde = reshape([t4.*t5.*(t13+t15+ee11.*(t10-H.*eta.*t3.*(1.0./4.0))-ee1.*t4-ee7.*t7-ee9.*t12).*-4.0,t4.*t32.*t33.*t51.*2.0,t4.*t32.*t33.*t43.*2.0,0.0,t4.*t5.*t20.*4.0,t4.*t32.*t33.*t53.*2.0,t4.*t32.*t33.*(t44+t45+ee12.*(t31-H.*t29.*(1.0./4.0))).*2.0,0.0,t5.*t9.*t22.*4.0,t22.*t32.*t33.*t35.*-2.0-t9.*t32.*t33.*t51.*2.0,t9.*t32.*t33.*t43.*-2.0-t22.*t32.*t33.*t35.*2.0,t35.*t51.*t65.*4.0,t5.*t9.*t20.*-4.0,t54-t9.*t32.*t33.*t53.*2.0,t54-t9.*t32.*t33.*t49.*2.0,t35.*t53.*t65.*4.0,t5.*t22.*xi.*8.0,t32.*t33.*t51.*xi.*-4.0,t32.*t33.*t43.*xi.*-4.0,0.0,t5.*t20.*xi.*-8.0,t32.*t33.*t53.*xi.*-4.0,t32.*t33.*t49.*xi.*-4.0,0.0,t5.*t7.*t22.*-4.0,t56,t56,t37.*t51.*t65.*4.0,t5.*t7.*(t17+t18+t19-t23-t24-t25).*4.0,t59,t59,t37.*t53.*t65.*4.0,t5.*t12.*t22.*-4.0,t60,t60,0.0,t5.*t12.*(t17+t18+t19-t23-t24-t25).*4.0,t61,t61,0.0,t5.*t16.*t22.*4.0,t62,t62,t65.*t66.*(t39+t41-ee11.*t66).*-4.0,t5.*t16.*t20.*-4.0,t64,t64,t65.*t66.*(t44+t45-ee12.*t66).*-4.0],[2,2,12]);
