function Fe0dx = Fe0dx_3333c(E,G,L,ks2,ks3,x,y,z,in9)
%FE0DX_3333C
%    FE0DX = FE0DX_3333C(E,G,L,KS2,KS3,X,Y,Z,IN9)

%    This function was generated by the Symbolic Math Toolbox version 7.0.
%    19-Jan-2017 14:21:15

q1 = in9(1,:);
q2 = in9(2,:);
q3 = in9(3,:);
q4 = in9(4,:);
q5 = in9(5,:);
q6 = in9(6,:);
q7 = in9(7,:);
q8 = in9(8,:);
q9 = in9(9,:);
q10 = in9(10,:);
q11 = in9(11,:);
q12 = in9(12,:);
q13 = in9(13,:);
q14 = in9(14,:);
q15 = in9(15,:);
q16 = in9(16,:);
q17 = in9(17,:);
q18 = in9(18,:);
q19 = in9(19,:);
q20 = in9(20,:);
q21 = in9(21,:);
q22 = in9(22,:);
q23 = in9(23,:);
q24 = in9(24,:);
q25 = in9(25,:);
q26 = in9(26,:);
q27 = in9(27,:);
t2 = 1.0./L.^4;
t6 = L.*q1;
t7 = L.*q19;
t8 = q1.*x.*4.0;
t9 = q10.*x.*8.0;
t10 = q19.*x.*4.0;
t11 = L.*q4.*y;
t12 = L.*q22.*y;
t13 = L.*q7.*z;
t14 = L.*q25.*z;
t15 = q4.*x.*y.*4.0;
t16 = q13.*x.*y.*8.0;
t17 = q22.*x.*y.*4.0;
t18 = q7.*x.*z.*4.0;
t19 = q16.*x.*z.*8.0;
t20 = q25.*x.*z.*4.0;
t3 = -t6+t7+t8-t9+t10-t11+t12-t13+t14+t15-t16+t17+t18-t19+t20;
t23 = L.*q2;
t24 = L.*q20;
t25 = q2.*x.*4.0;
t26 = q11.*x.*8.0;
t27 = q20.*x.*4.0;
t28 = L.*q5.*y;
t29 = L.*q23.*y;
t30 = L.*q8.*z;
t31 = L.*q26.*z;
t32 = q5.*x.*y.*4.0;
t33 = q14.*x.*y.*8.0;
t34 = q23.*x.*y.*4.0;
t35 = q8.*x.*z.*4.0;
t36 = q17.*x.*z.*8.0;
t37 = q26.*x.*z.*4.0;
t4 = -t23+t24+t25-t26+t27-t28+t29-t30+t31+t32-t33+t34+t35-t36+t37;
t39 = L.*q3;
t40 = L.*q21;
t41 = q3.*x.*4.0;
t42 = q12.*x.*8.0;
t43 = q21.*x.*4.0;
t44 = L.*q6.*y;
t45 = L.*q24.*y;
t46 = L.*q9.*z;
t47 = L.*q27.*z;
t48 = q6.*x.*y.*4.0;
t49 = q15.*x.*y.*8.0;
t50 = q24.*x.*y.*4.0;
t51 = q9.*x.*z.*4.0;
t52 = q18.*x.*z.*8.0;
t53 = q27.*x.*z.*4.0;
t5 = -t39+t40+t41-t42+t43-t44+t45-t46+t47+t48-t49+t50+t51-t52+t53;
t55 = x.*4.0;
t21 = L-t55;
t22 = t3.^2;
t38 = t4.^2;
t54 = t5.^2;
t56 = x.^2;
t57 = L.^2;
t58 = q13.*t57;
t59 = q4.*t56.*2.0;
t60 = q22.*t56.*2.0;
t61 = L.*q22.*x;
t63 = q13.*t56.*4.0;
t64 = L.*q4.*x;
t62 = t58+t59+t60+t61-t63-t64;
t65 = q14.*t57;
t66 = q5.*t56.*2.0;
t67 = q23.*t56.*2.0;
t68 = L.*q23.*x;
t101 = q14.*t56.*4.0;
t102 = L.*q5.*x;
t69 = t65+t66+t67+t68-t101-t102;
t70 = q15.*t57;
t71 = q6.*t56.*2.0;
t72 = q24.*t56.*2.0;
t73 = L.*q24.*x;
t104 = q15.*t56.*4.0;
t105 = L.*q6.*x;
t74 = t70+t71+t72+t73-t104-t105;
t75 = q16.*t57;
t76 = q7.*t56.*2.0;
t77 = q25.*t56.*2.0;
t78 = L.*q25.*x;
t80 = q16.*t56.*4.0;
t81 = L.*q7.*x;
t79 = t75+t76+t77+t78-t80-t81;
t82 = q17.*t57;
t83 = q8.*t56.*2.0;
t84 = q26.*t56.*2.0;
t85 = L.*q26.*x;
t113 = q17.*t56.*4.0;
t114 = L.*q8.*x;
t86 = t82+t83+t84+t85-t113-t114;
t87 = q18.*t57;
t88 = q9.*t56.*2.0;
t89 = q27.*t56.*2.0;
t90 = L.*q27.*x;
t116 = q18.*t56.*4.0;
t117 = L.*q9.*x;
t91 = t87+t88+t89+t90-t116-t117;
t92 = t2.*t22.*(1.0./2.0);
t93 = t2.*t38.*(1.0./2.0);
t94 = t2.*t54.*(1.0./2.0);
t95 = t92+t93+t94-1.0./2.0;
t96 = t2.*t22.*(1.0./4.0);
t97 = t2.*t38.*(1.0./4.0);
t98 = t2.*t54.*(1.0./4.0);
t99 = t96+t97+t98-1.0./4.0;
t100 = t2.*t3.*t62;
t103 = t2.*t4.*t69;
t106 = t2.*t5.*t74;
t107 = t100+t103+t106;
t108 = t2.*t3.*t62.*(1.0./2.0);
t109 = t2.*t4.*t69.*(1.0./2.0);
t110 = t2.*t5.*t74.*(1.0./2.0);
t111 = t108+t109+t110;
t112 = t2.*t3.*t79;
t115 = t2.*t4.*t86;
t118 = t2.*t5.*t91;
t119 = t112+t115+t118;
t120 = t2.*t3.*t79.*(1.0./2.0);
t121 = t2.*t4.*t86.*(1.0./2.0);
t122 = t2.*t5.*t91.*(1.0./2.0);
t123 = t120+t121+t122;
t124 = t56.*2.0;
t129 = L.*x;
t125 = t124-t129;
t126 = L.*y;
t128 = x.*y.*4.0;
t127 = t126-t128;
t130 = t62.^2;
t131 = t69.^2;
t132 = t74.^2;
t133 = t2.*t62.*t79;
t134 = t2.*t69.*t86;
t135 = t2.*t74.*t91;
t136 = t133+t134+t135;
t137 = t2.*t62.*t79.*(1.0./2.0);
t138 = t2.*t69.*t86.*(1.0./2.0);
t139 = t2.*t74.*t91.*(1.0./2.0);
t140 = t137+t138+t139;
t141 = t2.*t130.*(1.0./2.0);
t142 = t2.*t131.*(1.0./2.0);
t143 = t2.*t132.*(1.0./2.0);
t144 = t141+t142+t143-1.0./2.0;
t145 = t2.*t130.*(1.0./4.0);
t146 = t2.*t131.*(1.0./4.0);
t147 = t2.*t132.*(1.0./4.0);
t148 = t145+t146+t147-1.0./4.0;
t149 = t2.*t3.*t125.*(1.0./2.0);
t150 = t2.*t3.*t125;
t151 = L.*z;
t153 = x.*z.*4.0;
t152 = t151-t153;
t154 = t79.^2;
t155 = t86.^2;
t156 = t91.^2;
t157 = t2.*t4.*t125.*(1.0./2.0);
t158 = t2.*t4.*t125;
t159 = t2.*t154.*(1.0./2.0);
t160 = t2.*t155.*(1.0./2.0);
t161 = t2.*t156.*(1.0./2.0);
t162 = t159+t160+t161-1.0./2.0;
t163 = t2.*t154.*(1.0./4.0);
t164 = t2.*t155.*(1.0./4.0);
t165 = t2.*t156.*(1.0./4.0);
t166 = t163+t164+t165-1.0./4.0;
t167 = t2.*t5.*t125.*(1.0./2.0);
t168 = t2.*t5.*t125;
t169 = t56.*4.0;
t170 = t57-t169;
t171 = t2.*t3.*t170.*(1.0./2.0);
t172 = t2.*t3.*t170;
t173 = t2.*t4.*t170.*(1.0./2.0);
t174 = t2.*t4.*t170;
t175 = t2.*t5.*t170.*(1.0./2.0);
t176 = t2.*t5.*t170;
t177 = L+t55;
t178 = t124+t129;
t179 = t126+t128;
t180 = t2.*t3.*t178.*(1.0./2.0);
t181 = t2.*t3.*t178;
t182 = t151+t153;
t183 = t2.*t4.*t178.*(1.0./2.0);
t184 = t2.*t4.*t178;
t185 = t2.*t5.*t178.*(1.0./2.0);
t186 = t2.*t5.*t178;
